lastAccountName: Kirill1
timestamps:
  login: 1660481217845
  lastteleport: 1660434318749
  logout: 1660482398307
ipAddress: 127.0.0.1
lastlocation:
  world: world
  x: -307.68768467085135
  y: 69.5625
  z: 60.23175529967288
  yaw: 275.34674
  pitch: 16.952286
afk: false
