world: world
x: -309.07627212472306
y: 73.0
z: 42.821963216162466
yaw: 201.38849
pitch: 36.41052
name: gg
lastowner: 14b053ed-9814-3409-9564-f535ba5a378d
